{
  "asset": {
    "version": "2.0",
    "generator": "gltfeditor.com"
  },
  "buffers": [
    {
      "uri": "Fox.bin",
      "byteLength": 146668
    }
  ],
  "bufferViews": [
    {
      "buffer": 0,
      "byteLength": 20736,
      "byteOffset": 0,
      "target": 34962,
      "byteStride": 12
    },
    {
      "buffer": 0,
      "byteLength": 27648,
      "byteOffset": 20736,
      "target": 34962,
      "byteStride": 8
    },
    {
      "buffer": 0,
      "byteLength": 27648,
      "byteOffset": 48384,
      "target": 34962,
      "byteStride": 16
    }
  ],
  "accessors": [
    {
      "bufferView": 0,
      "byteOffset": 0,
      "componentType": 5126,
      "count": 1728,
      "max": [
        12.592718124389648,
        78.90718841552734,
        66.62486267089844
      ],
      "min": [
        -12.592718124389648,
        -0.12174476683139801,
        -88.09500122070312
      ],
      "type": "VEC3"
    },
    {
      "bufferView": 1,
      "byteOffset": 0,
      "componentType": 5126,
      "count": 1728,
      "max": [
        0.9830359816551208,
        0.9849969744682312
      ],
      "min": [
        0.02044299989938736,
        0.01976200006902218
      ],
      "type": "VEC2"
    },
    {
      "bufferView": 1,
      "byteOffset": 13824,
      "componentType": 5123,
      "count": 1728,
      "max": [
        23,
        23,
        21,
        10
      ],
      "min": [
        2,
        2,
        2,
        2
      ],
      "type": "VEC4"
    },
    {
      "bufferView": 2,
      "byteOffset": 0,
      "componentType": 5126,
      "count": 1728,
      "max": [
        1,
        0.5,
        0.14980700612068176,
        0.07318683713674545
      ],
      "min": [
        0.5,
        0,
        0,
        0
      ],
      "type": "VEC4"
    }
  ],
  "scene": 0,
  "scenes": [
    {
      "nodes": [
        25
      ],
      "name": "Fox"
    }
  ],
  "nodes": [
    {
      "mesh": 0
    },
    {
      "matrix": [
        0.9315693974494934,
        -0.3635636270046234,
        1.1173330721239683e-16,
        0,
        0.3635636270046234,
        0.9315693974494934,
        3.615981469806684e-8,
        0,
        -1.3146392419116637e-8,
        -3.368537448977804e-8,
        1,
        0,
        13.376960754394531,
        0,
        0,
        1
      ]
    },
    {
      "children": [
        1
      ],
      "matrix": [
        0.9821798801422119,
        -0.18794332444667816,
        -8.230354955948896e-23,
        0,
        0.18794332444667816,
        0.9821798801422119,
        6.42691923849947e-15,
        0,
        -1.207896511355418e-15,
        -6.312390643151795e-15,
        1,
        0,
        25.64914321899414,
        0,
        0,
        1
      ]
    },
    {
      "matrix": [
        0.7049975395202637,
        -0.7091633677482605,
        -0.008112362585961819,
        0,
        0.7088224291801453,
        0.704944372177124,
        -0.024983322247862816,
        0,
        0.02343602105975151,
        0.01186295598745346,
        0.9996549487113953,
        0,
        19.350055694580078,
        -0.14598655700683594,
        0,
        1
      ]
    },
    {
      "children": [
        3
      ],
      "matrix": [
        0.13713300228118896,
        0.9905526638031006,
        4.65662897131125e-10,
        0,
        -0.9905526638031006,
        0.13713300228118896,
        7.450580596923828e-8,
        0,
        7.373806454324949e-8,
        -1.0678470552250019e-8,
        1,
        0,
        23.04512596130371,
        0,
        0,
        1
      ]
    },
    {
      "children": [
        4
      ],
      "matrix": [
        -0.4354119598865509,
        -0.9001549482345581,
        0.011725482530891895,
        0,
        0.9002307057380676,
        -0.43538931012153625,
        0.004554268904030323,
        0,
        0.0010056024184450507,
        0.012538623064756393,
        0.9999209046363831,
        0,
        18.677913665771484,
        -4.297340393066406,
        6.9675750732421875,
        1
      ]
    },
    {
      "matrix": [
        0.11354281008243561,
        -0.980105459690094,
        -0.16279223561286926,
        0,
        0.9908022284507751,
        0.09956011921167374,
        0.09164474159479141,
        0,
        -0.07361389696598053,
        -0.17170050740242004,
        0.9823949933052063,
        0,
        19.350051879882812,
        -0.14599037170410156,
        0,
        1
      ]
    },
    {
      "children": [
        6
      ],
      "matrix": [
        -0.014128081500530243,
        0.999900221824646,
        3.725290076417309e-9,
        0,
        -0.999900221824646,
        -0.014128081500530243,
        1.0803341865539551e-7,
        0,
        1.0807526251710442e-7,
        -2.1986190645861825e-9,
        1,
        0,
        23.045124053955078,
        0,
        0,
        1
      ]
    },
    {
      "children": [
        7
      ],
      "matrix": [
        -0.9675710201263428,
        -0.19180402159690857,
        0.16437022387981415,
        0,
        0.18784670531749725,
        -0.9814062714576721,
        -0.03943919762969017,
        0,
        0.16887855529785156,
        -0.007283820305019617,
        0.9856099486351013,
        0,
        18.67791748046875,
        -4.297344207763672,
        -6.967987060546875,
        1
      ]
    },
    {
      "children": [
        2,
        5,
        8
      ],
      "matrix": [
        0.8702893257141113,
        0.4925408363342285,
        -9.609806304660892e-14,
        0,
        -0.4925408363342285,
        0.8702893257141113,
        9.385374255543866e-8,
        0,
        4.6226883654298945e-8,
        -8.167986464968635e-8,
        1,
        0,
        21.65575408935547,
        -0.000118255615234375,
        0,
        1
      ]
    },
    {
      "children": [
        9
      ],
      "matrix": [
        0.36884066462516785,
        -0.9294925928115845,
        3.2584142672931193e-7,
        0,
        0.9294925928115845,
        0.36884066462516785,
        -8.74227694680485e-8,
        0,
        -3.892473898758908e-8,
        3.351123041284154e-7,
        1,
        0,
        12.850601196289062,
        0,
        0,
        1
      ]
    },
    {
      "matrix": [
        0.9125697612762451,
        -0.4089210629463196,
        -3.8265564968191293e-22,
        0,
        0.4089210629463196,
        0.9125697612762451,
        -1.7288943180442746e-22,
        0,
        4.1989811380530795e-22,
        1.2977007423842394e-24,
        1,
        0,
        24.24032211303711,
        0,
        0,
        1
      ]
    },
    {
      "children": [
        11
      ],
      "matrix": [
        0.8755245208740234,
        -0.4831736385822296,
        -6.801045775900553e-22,
        0,
        0.4831736385822296,
        0.8755245208740234,
        2.207449654894018e-22,
        0,
        4.887901318300514e-22,
        -5.218762456160179e-22,
        1,
        0,
        12.411918640136719,
        0,
        0,
        1
      ]
    },
    {
      "children": [
        12
      ],
      "matrix": [
        -0.9335506558418274,
        0.35844576358795166,
        -3.4842528862100153e-7,
        0,
        -0.35844576358795166,
        -0.9335506558418274,
        5.32632270733302e-7,
        0,
        -1.3435287371521554e-7,
        6.22130698957335e-7,
        1,
        0,
        4.2603759765625,
        15.958770751953125,
        0,
        1
      ]
    },
    {
      "matrix": [
        0.4009510278701782,
        0.916099488735199,
        0,
        0,
        -0.916099488735199,
        0.4009510278701782,
        0,
        0,
        0,
        0,
        1,
        0,
        15.779938697814941,
        0,
        0,
        1
      ]
    },
    {
      "children": [
        14
      ],
      "matrix": [
        0.0665150135755539,
        0.9889460802078247,
        0.13251976668834686,
        0,
        -0.976146399974823,
        0.09200606495141983,
        -0.1966547667980194,
        0,
        -0.20667357742786407,
        -0.11627820134162903,
        0.9714758992195129,
        0,
        17.942811965942383,
        0,
        0,
        1
      ]
    },
    {
      "children": [
        15
      ],
      "matrix": [
        0.1718580722808838,
        -0.9851217269897461,
        -4.097820038850841e-8,
        0,
        0.9851217269897461,
        0.1718580722808838,
        -7.450580596923828e-9,
        0,
        1.4382163016080085e-8,
        -3.9088071446258255e-8,
        1,
        0,
        18.944175720214844,
        0,
        0,
        1
      ]
    },
    {
      "children": [
        16
      ],
      "matrix": [
        -0.5062707662582397,
        -0.8476119041442871,
        -0.1588841676712036,
        0,
        0.8623617887496948,
        -0.49659040570259094,
        -0.09864190220832825,
        0,
        0.00470970431342721,
        -0.18695512413978577,
        0.9823571443557739,
        0,
        4.813770294189453,
        5.154018402099609,
        -6.968006134033203,
        1
      ]
    },
    {
      "matrix": [
        0.4009510278701782,
        0.916099488735199,
        0,
        0,
        -0.916099488735199,
        0.4009510278701782,
        0,
        0,
        0,
        0,
        1,
        0,
        15.779935836791992,
        0,
        0,
        1
      ]
    },
    {
      "children": [
        18
      ],
      "matrix": [
        0.3685779273509979,
        0.9109209179878235,
        -0.1854008287191391,
        0,
        -0.8704469799995422,
        0.40819865465164185,
        0.27512896060943604,
        0,
        0.32630109786987305,
        0.05997511371970177,
        0.9433613419532776,
        0,
        17.94281005859375,
        0,
        0,
        1
      ]
    },
    {
      "children": [
        19
      ],
      "matrix": [
        0.4011162221431732,
        -0.9160271883010864,
        -3.5390254282674505e-8,
        0,
        0.9160271883010864,
        0.4011162221431732,
        -5.704349881341386e-9,
        0,
        1.9420946628656566e-8,
        -3.013032667809057e-8,
        1,
        0,
        18.944183349609375,
        0,
        0,
        1
      ]
    },
    {
      "children": [
        20
      ],
      "matrix": [
        0.028662897646427155,
        -0.9867609739303589,
        0.15962813794612885,
        0,
        0.9979639649391174,
        0.03735164552927017,
        0.051698967814445496,
        0,
        -0.05697689577937126,
        0.15782128274440765,
        0.9858225584030151,
        0,
        4.813777923583984,
        5.154026031494141,
        6.967563629150391,
        1
      ]
    },
    {
      "children": [
        10,
        13,
        17,
        21
      ],
      "matrix": [
        3.9909426163831085e-7,
        -0.47265180945396423,
        0.8812492489814758,
        0,
        -0.0000011240009598623146,
        0.8812492489814758,
        0.47265180945396423,
        0,
        -1,
        -0.0000011650807891783188,
        -1.760228371949779e-7,
        0,
        0.000001450603008379403,
        23.025529861450195,
        33.77018737792969,
        1
      ]
    },
    {
      "children": [
        22
      ],
      "matrix": [
        1,
        0,
        0,
        0,
        0,
        -0.000003674697609312716,
        -0.9999999403953552,
        0,
        0,
        0.9999999403953552,
        -0.000003674697609312716,
        0,
        0,
        0,
        0,
        1
      ]
    },
    {
      "children": [
        23
      ]
    },
    {
      "children": [
        0,
        24
      ],
      "matrix": [
        0.5,
        0,
        0,
        0,
        0,
        0.5,
        0,
        0,
        0,
        0,
        0.5,
        0,
        0,
        0,
        0,
        1
      ]
    }
  ],
  "meshes": [
    {
      "primitives": [
        {
          "attributes": {
            "POSITION": 0,
            "TEXCOORD_0": 1,
            "JOINTS_0": 2,
            "WEIGHTS_0": 3
          },
          "material": 0,
          "mode": 4
        }
      ]
    }
  ],
  "materials": [
    {
      "pbrMetallicRoughness": {
        "baseColorFactor": [
          0.8,
          0.8,
          0.8,
          1
        ],
        "metallicFactor": 0,
        "roughnessFactor": 0.58,
        "baseColorTexture": {
          "index": 0,
          "texCoord": 0
        }
      },
      "emissiveFactor": [
        0,
        0,
        0
      ],
      "alphaMode": "OPAQUE",
      "doubleSided": false
    }
  ],
  "textures": [
    {
      "sampler": 0,
      "source": 0
    }
  ],
  "samplers": [
    {
      "magFilter": 9729,
      "minFilter": 9987,
      "wrapS": 10497,
      "wrapT": 10497
    }
  ],
  "images": [
    {
      "uri": "base_1.png",
      "mimeType": "image/png"
    }
  ]
}